0 0.02 0.03
0.0001 0.0200021 0.0299968
0.00055 0.0200115 0.0299823
0.002575 0.0200538 0.029917
0.0116875 0.0202433 0.0296211
0.0526938 0.0210756 0.0282517
0.137858 0.0226917 0.0252322
0.226428 0.024198 0.021899
0.322824 0.0256206 0.018139
0.422593 0.0268452 0.0142107
0.522361 0.0278153 0.0103534
0.606019 0.028436 0.00724321
0.689676 0.0288877 0.00429448
0.773334 0.0291795 0.00153999
0.856992 0.0293225 -0.000999793
0.940649 0.0293285 -0.00331629
1.02431 0.0292099 -0.00541178
1.10796 0.0289789 -0.00729788
1.19685 0.0286226 -0.00909395
1.29231 0.0281262 -0.0108183
1.39648 0.0274636 -0.0125082
1.51299 0.0265865 -0.0142343
1.64821 0.0253997 -0.0161287
1.77607 0.024112 -0.0179171
1.90947 0.0225887 -0.0198721
2.02105 0.0211617 -0.0216226
2.13263 0.0195824 -0.0234936
2.24421 0.0178382 -0.0254738
2.35579 0.0159186 -0.0275248
2.46738 0.0138174 -0.0295804
2.58387 0.0114312 -0.0316334
2.6916 0.00905956 -0.0333411
2.77839 0.00704625 -0.0345098
2.86935 0.00485418 -0.0354741
2.94174 0.00306324 -0.0360154
3.01759 0.00115679 -0.0363421
3.09344 -0.000765274 -0.0364063
3.16133 -0.00248589 -0.0362347
3.22923 -0.00419442 -0.0358478
3.29712 -0.00587935 -0.0352531
3.36955 -0.00763843 -0.0344051
3.44535 -0.0094243 -0.0333058
3.52571 -0.0112423 -0.0319399
3.61244 -0.0131047 -0.0302832
3.70906 -0.0150443 -0.0282845
3.82529 -0.0171771 -0.0257729
3.94941 -0.019208 -0.0230895
4.05907 -0.0207957 -0.0208066
4.16872 -0.0222005 -0.0186591
4.27838 -0.0234365 -0.0166697
4.38803 -0.0245184 -0.0148362
4.50313 -0.0255031 -0.0130519
4.62561 -0.0263946 -0.0112561
4.7589 -0.0271909 -0.0093298
4.90063 -0.0278383 -0.00718265
5.00498 -0.0281752 -0.00544988
5.10677 -0.0283778 -0.00357352
5.20855 -0.0284411 -0.00146583
5.29104 -0.0283783 0.000437235
5.37663 -0.0281932 0.00261049
5.46222 -0.0278742 0.00499004
5.54781 -0.0274094 0.00756896
5.6334 -0.0267882 0.0103281
5.71899 -0.0260016 0.0132354
5.80458 -0.0250432 0.0162467
5.89464 -0.0238461 0.0194666
5.9847 -0.022457 0.0226658
6.07973 -0.0207901 0.0259306
6.17477 -0.018931 0.0289887
6.26981 -0.0169 0.0317531
6.35068 -0.0150556 0.03382
6.43155 -0.0131233 0.0355893
6.51242 -0.0111224 0.0370409
6.59329 -0.00907245 0.0381681
6.67416 -0.00699253 0.0389766
6.75503 -0.00490054 0.0394836
6.8359 -0.00281261 0.0397156
6.91677 -0.000742638 0.0397054
7.00327 0.00143864 0.0394683
7.09654 0.00374038 0.039003
7.21036 0.00646618 0.0382193
7.3192 0.00897861 0.0373241
7.43497 0.0115468 0.036283
7.55073 0.0140088 0.0351948
7.66649 0.0163678 0.0340771
7.78226 0.0186269 0.0329202
7.89802 0.0207869 0.031689
8.02277 0.0229994 0.0302136
8.1603 0.0252865 0.0282969
8.26969 0.0269732 0.0264612
8.38521 0.0286028 0.0241306
8.48117 0.0298158 0.021829
8.57713 0.0308788 0.0191522
8.67309 0.0317685 0.0160734
8.76905 0.0324607 0.0125829
8.85201 0.0328815 0.00924179
8.93498 0.0331221 0.00562388
9.01794 0.0331699 0.00176558
9.10091 0.0330146 -0.00228306
9.18387 0.0326495 -0.00646003
9.26684 0.0320713 -0.0106941
9.3498 0.031281 -0.0149084
9.43277 0.030284 -0.0190249
9.51876 0.0290426 -0.0231086
9.60475 0.0276037 -0.0269325
9.69378 0.0259254 -0.0305528
9.78281 0.0240779 -0.0337793
9.87185 0.022086 -0.0365826
9.96088 0.0199749 -0.0389537
10.0499 0.017769 -0.040902
10.1389 0.0154911 -0.0424522
10.2329 0.0130308 -0.043697
10.3328 0.010377 -0.0446353
10.4403 0.00749558 -0.0452773
10.5554 0.00440653 -0.0456294
10.6817 0.00102689 -0.0457165
10.7787 -0.00155163 -0.0456234
10.8812 -0.00425687 -0.0454049
10.9838 -0.00693731 -0.0450752
11.0863 -0.00958957 -0.0446298
11.1949 -0.0123624 -0.044008
11.31 -0.0152524 -0.0431314
11.4373 -0.0183739 -0.0418129
11.5646 -0.0213888 -0.04001
11.6665 -0.023698 -0.0381309
11.7731 -0.0259886 -0.0356713
11.8683 -0.0278977 -0.0329991
11.9635 -0.0296499 -0.0298471
12.0588 -0.0312172 -0.026205
12.154 -0.032571 -0.0220862
12.2492 -0.0336845 -0.0175302
12.3445 -0.0345334 -0.0126038
12.4291 -0.0350503 -0.00798587
12.5138 -0.0353329 -0.0032246
12.5985 -0.0353758 0.00159416
12.6732 -0.0352137 0.00582602
12.748 -0.0348667 0.00997271
12.8258 -0.0343153 0.0141349
12.9036 -0.0335783 0.0180876
12.9854 -0.0326154 0.0219683
13.0672 -0.0314753 0.0255254
13.1521 -0.0301225 0.0288486
13.237 -0.028617 0.0317831
13.3258 -0.0269023 0.0344383
13.4145 -0.025065 0.0366912
13.5093 -0.022991 0.0386877
13.6084 -0.0207211 0.0403753
13.7135 -0.018227 0.0417838
13.8267 -0.0154605 0.0429467
13.9518 -0.0123292 0.043903
14.07 -0.00931701 0.0445698
14.1882 -0.0062612 0.0450624
14.3063 -0.00316793 0.0454068
14.4095 -0.000441994 0.0455838
14.5126 0.00230473 0.0456238
14.6157 0.00506641 0.0454884
14.7304 0.00814461 0.0450667
14.857 0.0115273 0.0441656
14.948 0.0139331 0.0431626
15.0489 0.0165502 0.041637
15.1359 0.0187445 0.0399286
15.2229 0.0208595 0.0378262
15.3099 0.0228733 0.0353139
15.3969 0.0247624 0.0323914
15.4839 0.0265033 0.0290762
15.5709 0.0280737 0.0254048
15.6579 0.0294529 0.0214315
15.7449 0.0306239 0.0172263
15.8388 0.0316391 0.0125207
15.9327 0.0323857 0.00775174
16.0131 0.0328085 0.00370638
16.0934 0.0330339 -0.000237167
16.1738 0.0330672 -0.0040201
16.2541 0.0329168 -0.0075935
16.3345 0.0325932 -0.01092
16.4148 0.0321091 -0.0139746
16.4952 0.0314782 -0.0167444
16.5789 0.0306798 -0.0193263
16.6658 0.0297154 -0.0216895
16.7567 0.0285779 -0.0238369
16.8526 0.0272543 -0.0257817
16.955 0.0257202 -0.0275495
17.0663 0.0239308 -0.0291813
17.1909 0.0217981 -0.0307443
17.3234 0.019395 -0.0322093
17.4559 0.0168598 -0.0335636
17.5699 0.0145732 -0.0346864
17.6838 0.0121856 -0.0357847
17.7978 0.00969351 -0.0368458
17.9118 0.00709518 -0.0378306
18.0257 0.00439285 -0.0386743
18.1529 0.0012646 -0.0393429
18.2323 -0.00073628 -0.039554
18.3152 -0.00285901 -0.0395589
18.3982 -0.00499991 -0.0393042
18.4812 -0.00714352 -0.0387553
18.5641 -0.00927201 -0.0378852
18.6471 -0.0113657 -0.0366782
18.7301 -0.0134037 -0.035131
18.813 -0.0153649 -0.033255
18.896 -0.0172289 -0.031076
18.979 -0.0189769 -0.0286332
19.0619 -0.0205923 -0.025977
19.1519 -0.0221799 -0.0229217
19.2514 -0.0237198 -0.019431
19.3543 -0.0250694 -0.0157987
19.4573 -0.0261692 -0.0122548
19.5445 -0.0269107 -0.00938771
19.6317 -0.0274858 -0.006689
19.719 -0.0279049 -0.00418574
19.8062 -0.0281798 -0.00189144
19.8934 -0.0283231 0.000192865
19.9807 -0.0283471 0.00207714
20.0679 -0.0282634 0.0037804
20.1598 -0.0280698 0.00540809
20.2605 -0.0277448 0.00703723
20.3733 -0.0272518 0.00873302
20.5031 -0.026523 0.0106148
20.6511 -0.0254812 0.0128032
20.7669 -0.0245006 0.0146326
20.8902 -0.0232787 0.0167562
20.9999 -0.0220224 0.0188189
21.1097 -0.020591 0.0210414
21.2194 -0.0189709 0.0233929
21.3291 -0.0171523 0.0258154
21.4388 -0.015132 0.0282248
21.5485 -0.0129151 0.0305163
21.645 -0.0108162 0.0323404
21.7414 -0.00859385 0.0339042
21.8173 -0.00677264 0.0349045
21.8972 -0.00480194 0.0357037
21.9771 -0.00279443 0.0362181
22.0464 -0.00103877 0.0364229
22.1157 0.000718069 0.0364021
22.185 0.00246381 0.0361613
22.2543 0.00418673 0.0357124
22.3269 0.00595598 0.0350381
22.404 0.00778077 0.0341227
22.4869 0.00967317 0.0329466
22.5786 0.0116618 0.0314751
22.6851 0.013829 0.029618
22.8018 0.0160175 0.0275054
22.9269 0.0181457 0.0252609
23.0378 0.0198533 0.0233529
23.1486 0.0214036 0.0215538
23.2595 0.0228087 0.0198672
23.3762 0.0241428 0.0181927
23.4986 0.0253946 0.0164955
23.6299 0.0265746 0.0146586
23.7764 0.0276877 0.0124537
23.8801 0.0283358 0.0107038
23.9951 0.0289006 0.00850111
24.085 0.0292154 0.00654106
24.1798 0.0294107 0.00421305
24.2631 0.0294526 0.00193423
24.3464 0.0293606 -0.000569155
24.4296 0.0291225 -0.00329089
24.5129 0.0287271 -0.00621313
24.5962 0.028165 -0.00930592
24.6795 0.027429 -0.0125274
24.7627 0.0265148 -0.015825
24.8507 0.0253546 -0.0193246
24.9387 0.0239991 -0.0227627
25.0318 0.0223642 -0.0262409
25.1248 0.020538 -0.0294711
25.2178 0.0185426 -0.0323755
25.2999 0.0166622 -0.0346189
25.3819 0.01469 -0.0365343
25.464 0.0126463 -0.0381085
25.5461 0.010551 -0.0393423
25.6281 0.00842343 -0.040249
25.7102 0.00628091 -0.0408524
25.7954 0.00405662 -0.0411919
25.8848 0.00174051 -0.041278
25.9811 -0.000721919 -0.0411177
26.092 -0.00350081 -0.0406847
26.2054 -0.00626709 -0.0400481
26.3187 -0.00895191 -0.0392837
26.4321 -0.0115537 -0.0384366
26.5455 -0.0140729 -0.0375266
26.6589 -0.0165103 -0.0365484
26.7723 -0.0188647 -0.0354724
26.8942 -0.0212996 -0.0341471
27.0278 -0.0238341 -0.0323967
27.1408 -0.0258523 -0.030574
27.2538 -0.0277295 -0.0283462
27.3532 -0.0292406 -0.0259851
27.4527 -0.0305948 -0.0231986
27.5521 -0.0317651 -0.019954
27.6403 -0.032626 -0.0166829
27.7284 -0.0333002 -0.0130493
27.8166 -0.0337689 -0.00907883
27.9048 -0.0340156 -0.00481595
27.9829 -0.0340378 -0.000842034
28.0611 -0.0338684 0.00325927
28.1393 -0.0335039 0.00742671
28.2174 -0.032944 0.0115944
28.2956 -0.0321919 0.0156949
28.3788 -0.0311865 0.0199155
28.4621 -0.0299819 0.0239137
28.5489 -0.0285303 0.0277787
28.6357 -0.0268984 0.0312818
28.7225 -0.0251083 0.034388
28.8093 -0.0231829 0.0370805
28.896 -0.021145 0.0393606
28.987 -0.0189129 0.041325
29.0813 -0.0165172 0.0429384
29.1808 -0.0139245 0.0442255
29.2854 -0.0111536 0.0451863
29.3968 -0.00817198 0.0458515
29.5179 -0.0049145 0.0462501
29.6267 -0.00198637 0.0463896
29.7355 0.000934502 0.0463685
29.8443 0.00384279 0.0462101
29.9531 0.00673391 0.045916
30.0619 0.00960254 0.0454662
30.1707 0.0124411 0.0448197
30.2923 0.015562 0.0437925
30.4194 0.0187469 0.0422648
30.5246 0.0212961 0.0405578
30.6299 0.0237383 0.0383711
30.7351 0.0260419 0.0356406
30.8235 0.0278424 0.0328947
30.9118 0.0294972 0.0297207
31.0002 0.0309829 0.0261233
31.0885 0.0322769 0.0221264
31.1769 0.0333578 0.0177743
31.2652 0.0342072 0.0131306
31.3536 0.0348105 0.00827575
31.4159 0.0350826 0.00477157
